101.744975 149.969541
103.487824 149.878203
105.226423 149.726095
106.958655 149.513403
108.682409 149.240388
110.395584 148.907380
112.096095 148.514786
113.781868 148.063085
115.450849 147.552826
117.101007 146.984631
118.730329 146.359193
120.336832 145.677273
121.918557 144.939702
123.473578 144.147380
125.000000 143.301270
126.495963 142.402405
127.959645 141.451879
129.389262 140.450850
130.783073 139.400538
132.139380 138.302223
133.456530 137.157242
134.732918 135.966990
135.966990 134.732919
137.157241 133.456531
138.302222 132.139381
139.400537 130.783074
140.450849 129.389263
141.451878 127.959646
142.402404 126.495964
143.301270 125.000001
144.147379 123.473579
144.939702 121.918558
145.677272 120.336833
146.359192 118.730331
146.984631 117.101008
147.552825 115.450851
148.063084 113.781869
148.514786 112.096096
148.907380 110.395586
149.240387 108.682410
149.513403 106.958656
149.726095 105.226424
149.878202 103.487825
149.969541 101.744976
150.000000 100.000001
149.969541 98.255027
149.878203 96.512178
149.726095 94.773578
149.513404 93.041346
149.240388 91.317593
148.907380 89.604417
148.514787 87.903907
148.063085 86.218134
147.552826 84.549152
146.984632 82.898994
146.359193 81.269672
145.677274 79.663169
144.939703 78.081444
144.147380 76.526423
143.301271 75.000002
142.402406 73.504038
141.451880 72.040356
140.450851 70.610739
139.400539 69.216928
138.302223 67.860621
137.157243 66.543471
135.966991 65.267083
134.732920 64.033011
133.456532 62.842760
132.139382 61.697779
130.783075 60.599464
129.389264 59.549152
127.959647 58.548123
126.495965 57.597596
125.000002 56.698731
123.473580 55.852621
121.918559 55.060299
120.336834 54.322728
118.730332 53.640808
117.101009 53.015370
115.450852 52.447175
113.781870 51.936916
112.096097 51.485214
110.395587 51.092620
108.682411 50.759613
106.958658 50.486597
105.226426 50.273906
103.487826 50.121798
101.744977 50.030459
100.000003 50.000000
98.255028 50.030459
96.512179 50.121797
94.773580 50.273905
93.041348 50.486596
91.317594 50.759612
89.604418 51.092619
87.903908 51.485213
86.218135 51.936914
84.549153 52.447173
82.898996 53.015368
81.269673 53.640806
79.663171 54.322726
78.081445 55.060296
76.526425 55.852619
75.000003 56.698728
73.504039 57.597594
72.040357 58.548120
70.610740 59.549148
69.216929 60.599460
67.860622 61.697776
66.543472 62.842757
65.267084 64.033008
64.033012 65.267079
62.842761 66.543467
61.697780 67.860617
60.599464 69.216924
59.549152 70.610735
58.548123 72.040352
57.597597 73.504034
56.698732 74.999997
55.852622 76.526419
55.060299 78.081439
54.322729 79.663165
53.640809 81.269667
53.015370 82.898989
52.447175 84.549147
51.936916 86.218129
51.485215 87.903902
51.092621 89.604412
50.759613 91.317587
50.486597 93.041341
50.273906 94.773573
50.121798 96.512172
50.030459 98.255021
50.000000 99.999996
50.030459 101.744971
50.121797 103.487820
50.273905 105.226419
50.486596 106.958651
50.759612 108.682405
51.092619 110.395580
51.485213 112.096091
51.936914 113.781864
52.447173 115.450846
53.015367 117.101003
53.640806 118.730326
54.322725 120.336828
55.060296 121.918553
55.852618 123.473574
56.698728 124.999996
57.597593 126.495959
58.548119 127.959641
59.549148 129.389259
60.599459 130.783070
61.697775 132.139377
62.842756 133.456527
64.033007 134.732915
65.267078 135.966987
66.543466 137.157238
67.860616 138.302219
69.216922 139.400535
70.610733 140.450847
72.040351 141.451876
73.504033 142.402402
74.999996 143.301268
76.526417 144.147377
78.081438 144.939700
79.663163 145.677271
81.269666 146.359191
82.898988 146.984629
84.549145 147.552824
86.218127 148.063083
87.903900 148.514785
89.604410 148.907379
91.317586 149.240387
93.041340 149.513403
94.773572 149.726094
96.512171 149.878202
98.255020 149.969541
99.999995 150.000000
